0 5 2 14 
0 5 2 15 
0 14 2 15 
0 12 3 14 
0 0 4 4 
0 2 4 3 
0 6 4 15 
0 2 6 14 
0 11 6 15 
0 16 6 19 
0 0 7 3 
0 0 7 4 
0 3 7 4 
0 6 7 7 
0 0 8 4 
0 0 8 7 
0 0 8 9 
0 4 8 7 
0 4 8 9 
0 7 8 9 
0 2 9 3 
0 4 9 12 
0 7 9 10 
0 11 9 16 
0 0 10 11 
0 2 11 4 
0 10 11 11 
0 6 12 17 
0 5 15 17 
0 0 16 8 
0 12 16 17 
0 0 18 3 
0 3 19 10 
0 9 19 14 
1 15 4 16 
1 4 5 15 
1 1 6 6 
1 4 6 8 
1 4 6 12 
1 8 6 12 
1 3 7 16 
1 4 8 15 
1 9 8 19 
1 2 9 14 
1 11 9 16 
1 17 9 18 
1 0 10 8 
1 0 11 7 
1 1 11 3 
1 13 12 19 
1 15 12 16 
1 0 13 3 
1 0 13 7 
1 1 13 10 
1 1 13 17 
1 3 13 7 
1 10 13 17 
1 2 14 13 
1 10 14 11 
1 1 15 12 
1 15 15 16 
1 1 16 2 
1 0 17 2 
1 1 18 4 
1 5 18 16 
1 9 18 12 
1 14 19 15 
1 16 19 18 
2 1 3 6 
2 11 4 15 
2 3 5 10 
2 8 5 16 
2 4 6 14 
2 3 7 18 
2 9 7 14 
2 13 7 17 
2 11 9 16 
2 12 9 18 
2 2 10 9 
2 17 10 18 
2 4 12 13 
2 4 12 13 
2 5 13 7 
2 8 13 13 
2 4 14 9 
2 4 15 17 
2 9 15 12 
2 1 16 12 
2 4 16 8 
2 9 16 14 
2 3 17 18 
2 11 17 17 
2 4 18 18 
2 7 18 17 
3 9 4 12 
3 4 5 7 
3 3 6 7 
3 4 6 19 
3 0 7 2 
3 1 8 7 
3 4 8 19 
3 5 8 13 
3 6 8 14 
3 8 8 18 
3 9 8 16 
3 2 9 15 
3 8 9 9 
3 11 9 16 
3 4 10 8 
3 11 10 19 
3 13 11 17 
3 2 12 10 
3 3 12 17 
3 0 13 4 
3 7 13 19 
3 9 13 13 
3 10 14 18 
3 4 15 18 
3 8 15 10 
3 0 16 5 
3 2 16 6 
3 14 16 19 
3 1 17 18 
3 7 19 8 
4 11 5 19 
4 2 6 12 
4 3 6 14 
4 13 6 19 
4 0 7 4 
4 0 7 15 
4 1 7 17 
4 4 7 15 
4 7 7 16 
4 13 7 18 
4 0 8 4 
4 0 8 18 
4 3 8 7 
4 4 8 18 
4 12 8 19 
4 1 9 14 
4 2 9 3 
4 11 9 16 
4 4 10 14 
4 4 10 16 
4 5 10 11 
4 6 10 12 
4 14 10 16 
4 5 11 6 
4 10 11 19 
4 5 12 11 
4 15 12 16 
4 1 13 19 
4 13 14 17 
4 13 14 19 
4 17 14 19 
4 8 15 19 
4 14 15 17 
4 15 15 16 
4 1 16 6 
4 4 17 7 
4 11 17 14 
4 8 18 10 
4 6 19 9 
4 8 19 12 
4 13 19 17 
4 14 19 18 
5 1 6 19 
5 9 6 14 
5 4 7 18 
5 6 7 13 
5 9 7 15 
5 4 8 15 
5 1 9 10 
5 8 9 13 
5 11 9 16 
5 17 9 19 
5 7 10 16 
5 9 10 12 
5 10 11 18 
5 7 12 13 
5 0 13 6 
5 4 13 9 
5 12 13 16 
5 12 13 18 
5 16 13 18 
5 3 14 4 
5 9 15 17 
5 15 15 19 
5 0 17 15 
5 9 17 16 
5 3 18 17 
5 3 19 13 
5 7 19 14 
6 17 7 18 
6 1 8 3 
6 4 8 19 
6 10 8 14 
6 0 9 12 
6 5 9 18 
6 7 9 13 
6 7 9 14 
6 11 9 16 
6 13 9 14 
6 2 10 5 
6 0 11 5 
6 3 12 4 
6 6 12 8 
6 0 13 18 
6 5 13 16 
6 10 13 12 
6 13 14 19 
6 2 15 10 
6 3 16 19 
6 8 17 17 
6 12 17 16 
6 0 18 13 
6 2 18 10 
6 15 18 18 
6 5 19 13 
7 0 8 4 
7 9 8 13 
7 2 9 6 
7 11 9 16 
7 2 12 19 
7 5 12 9 
7 6 13 17 
7 11 13 15 
7 14 13 18 
7 12 15 18 
7 2 16 10 
7 4 16 12 
7 9 16 14 
7 9 16 16 
7 11 16 18 
7 14 16 16 
7 3 17 18 
7 0 18 3 
7 1 18 19 
7 4 19 17 
7 8 19 10 
8 2 9 8 
8 5 9 6 
8 11 9 16 
8 6 10 11 
8 7 10 17 
8 5 11 15 
8 6 11 12 
8 0 12 1 
8 6 12 12 
8 0 13 2 
8 1 13 5 
8 3 13 9 
8 14 13 17 
8 0 14 12 
8 5 14 10 
8 6 14 19 
8 7 15 10 
8 12 15 15 
8 16 16 17 
8 2 17 4 
8 7 17 18 
8 6 18 8 
8 10 18 19 
9 10 10 19 
9 11 10 16 
9 1 11 17 
9 11 11 16 
9 11 12 16 
9 8 13 14 
9 11 13 16 
9 12 13 17 
9 11 14 16 
9 2 15 18 
9 6 15 12 
9 10 15 13 
9 11 15 16 
9 11 16 16 
9 11 17 16 
9 0 18 15 
9 11 18 16 
9 4 19 18 
9 6 19 14 
9 11 19 16 
10 0 11 14 
10 1 11 8 
10 5 11 12 
10 4 12 18 
10 5 12 11 
10 16 12 19 
10 3 13 4 
10 13 13 17 
10 9 15 10 
10 13 17 15 
10 0 19 16 
11 4 12 10 
11 6 12 12 
11 8 12 13 
11 9 12 19 
11 0 13 7 
11 3 13 15 
11 6 13 11 
11 2 14 15 
11 9 15 19 
11 5 16 17 
11 6 16 11 
11 7 16 13 
11 15 16 18 
11 0 17 9 
11 3 17 8 
11 10 17 16 
11 12 18 13 
11 1 19 11 
11 12 19 17 
11 12 19 18 
11 17 19 18 
12 3 13 19 
12 8 14 16 
12 0 15 12 
12 1 15 4 
12 3 15 7 
12 6 15 11 
12 9 15 19 
12 15 15 16 
12 0 16 4 
12 7 16 19 
12 2 17 8 
12 7 17 16 
12 5 18 15 
12 14 18 19 
12 16 18 17 
12 2 19 7 
12 5 19 12 
13 0 14 11 
13 4 14 14 
13 5 14 8 
13 9 14 19 
13 6 16 11 
13 8 16 15 
13 10 17 13 
13 10 17 18 
13 13 17 18 
13 1 18 8 
13 3 18 12 
13 4 18 13 
13 14 18 16 
13 1 19 14 
13 2 19 18 
13 5 19 15 
14 4 15 5 
14 2 16 14 
14 3 16 8 
14 7 16 12 
14 6 17 9 
14 13 19 17 
15 0 17 13 
15 3 17 15 
15 1 18 7 
15 1 18 18 
15 2 18 10 
15 4 18 8 
15 7 18 18 
15 9 18 13 
15 10 19 14 
16 10 17 17 
16 6 18 16 
16 8 18 19 
16 0 19 7 
16 3 19 18 
16 4 19 16 
