[[25888435 26769869 1578938 28690432 20892915 8163283 3928054 7564339 41853198 16875115 28129776 9468155 21990633 8018188 2766980 13889908 14727786 37147060 37581720 9788730]
[29904536 32675516 35058111 5293505 5235678 17934957 43502217 10809011 9270686 24930314 17446143 24430519 44081849 18779187 12976548 4047472 40573210 16559661 30805614 22035690]
[4704782 36311647 11233634 31413705 14530198 21851315 10082361 21168393 33313192 26883681 40599349 17540597 16174765 10699380 1576664 32613358 41569199 6860314 25772120 33341242]
[40727072 29610747 35307371 25443507 19628026 8094524 37613432 10963690 38423774 30673778 24422681 9267430 28383719 15626349 6068011 43004727 17335037 5521870 1199764 37416869]
[17244283 37134921 12468705 18394609 6684989 12844210 36854787 17024961 30696839 11577583 17125210 9558169 24586945 44730088 4687895 24186045 13830837 24927444 8530913 41274279]
[22649177 30578835 40781704 33941872 36719287 25862472 36147295 9296659 24698346 21380184 32499548 15533649 32352497 11722385 33950842 27460333 12573678 11871008 42297146 27721858]
[2685564 7343301 31573266 39705936 40480496 43381368 24740306 13105456 24588291 24586533 26161059 17996628 34744745 11994516 13893469 31666264 22791850 40147559 36901934 29127418]
[24477461 7193625 8911929 25325857 1102007 41376331 17078858 11768881 38521798 20933518 25930081 11641958 17937118 1320301 41920655 15687303 8612578 13020861 41564865 38441865]
[24274366 36693512 10375106 44258083 33960775 14248059 44139474 4674277 34323155 19102599 9365224 6424760 41544663 6233622 21734529 11799576 9478701 11449183 1365677 31716594]
[18973975 37274204 38300866 16655287 11165358 17934818 6244373 39659633 40468473 20984726 34759351 36131841 28561956 35763152 5542947 26954118 5039294 7024103 22233852 35811148]
[40602801 27797444 15509273 23592009 22040704 3559489 13308785 7119249 42092067 42029786 8565572 23270445 38119458 22892532 18202640 2361983 41165622 31104891 39889454 23506496]
[8309120 22935588 7985351 19323577 981386 41394952 8258800 1575389 23928472 18224997 8143711 5956743 8246466 20446645 39877033 31616705 13424238 7701057 40720616 11205530]
[34064120 15347778 33073399 6272742 12935722 16874456 25869482 37672914 15218533 33517585 16623346 5275750 29815896 29407131 13023573 9082632 21571340 40201947 7323144 43328230]
[42940348 10843779 38574420 29324356 44069563 5638662 22730021 19021051 27719833 42481646 21925930 138892 20879600 3509369 11221846 34006777 18657738 27395124 22677797 6057649]
[30064777 39953211 6442663 33726051 43894217 21231891 42674840 27177570 13879341 1375462 7381197 9422315 41764952 44072849 10920381 16452898 39379097 20687691 27012069 4445189]
[40534905 8373331 43785536 6541554 10329726 3262226 40387734 8398464 18237650 40003583 22365814 17769481 25562351 24785644 5769405 12404105 9975548 11088703 8633202 449533]
[23075390 37329301 44334858 31770002 2356772 10942999 39084406 39535198 37191144 44404150 26446250 42128645 3284655 25914526 11977433 30596683 21574082 573147 30425975 6055421]
[43390601 1548773 28343624 40365866 39896626 7682172 42918948 21613566 26576349 21098891 40564650 7071507 23728430 4489485 10600026 31733048 10173402 6319140 14358316 30469741]
[15491579 29927294 31955054 30920219 38899603 31866482 1088583 20928398 4902219 41782153 28112970 16536226 23102237 40370037 16340836 3896902 10109159 1756418 30789809 7499210]
[23628001 32456191 35661498 30131523 9831387 41105339 5060888 39959014 19528777 24807811 41610099 1578263 25581909 7480017 7397473 36649777 9407178 28180678 42075913 13978678]]