5 14 3 4 
5 15 9 17 
5 15 15 19 
5 17 0 15 
5 17 9 16 
5 18 3 17 
5 19 3 13 
5 19 7 14 
6 7 17 18 
6 8 1 3 
6 8 4 19 
6 8 10 14 
6 9 0 12 
6 9 5 18 
6 9 7 13 
6 9 7 14 
6 9 11 16 
6 9 13 14 
6 10 2 5 
6 11 0 5 
6 12 3 4 
6 12 6 8 
6 13 0 18 
6 13 5 16 
6 13 10 12 
6 14 13 19 
6 15 2 10 
6 16 3 19 
6 17 8 17 
6 17 12 16 
6 18 0 13 
6 18 2 10 
6 18 15 18 
6 19 5 13 
7 8 0 4 
7 8 9 13 
7 9 2 6 
7 9 11 16 
7 12 2 19 
7 12 5 9 
7 13 6 17 
7 13 11 15 
7 13 14 18 
7 15 12 18 
7 16 2 10 
7 16 4 12 
7 16 9 14 
7 16 9 16 
7 16 11 18 
7 16 14 16 
7 17 3 18 
7 18 0 3 
7 18 1 19 
7 19 4 17 
7 19 8 10 
8 9 2 8 
8 9 5 6 
8 9 11 16 
8 10 6 11 
8 10 7 17 
8 11 5 15 
8 11 6 12 
8 12 0 1 
8 12 6 12 
8 13 0 2 
8 13 1 5 
8 13 3 9 
8 13 14 17 
8 14 0 12 
8 14 5 10 
8 14 6 19 
8 15 7 10 
8 15 12 15 
8 16 16 17 
8 17 2 4 
8 17 7 18 
8 18 6 8 
8 18 10 19 
9 10 10 19 
9 10 11 16 
9 11 1 17 
9 11 11 16 
9 12 11 16 
9 13 8 14 
9 13 11 16 
9 13 12 17 
9 14 11 16 
5 14 3 4 
5 15 9 17 
5 15 15 19 
5 17 0 15 
5 17 9 16 
5 18 3 17 
5 19 3 13 
5 19 7 14 
6 7 17 18 
6 8 1 3 
6 8 4 19 
6 8 10 14 
6 9 0 12 
6 9 5 18 
6 9 7 13 
6 9 7 14 
6 9 11 16 
6 9 13 14 
6 10 2 5 
6 11 0 5 
6 12 3 4 
6 12 6 8 
6 13 0 18 
6 13 5 16 
6 13 10 12 
6 14 13 19 
6 15 2 10 
6 16 3 19 
6 17 8 17 
6 17 12 16 
6 18 0 13 
6 18 2 10 
6 18 15 18 
6 19 5 13 
7 8 0 4 
7 8 9 13 
7 9 2 6 
7 9 11 16 
7 12 2 19 
7 12 5 9 
7 13 6 17 
7 13 11 15 
7 13 14 18 
7 15 12 18 
7 16 2 10 
7 16 4 12 
7 16 9 14 
7 16 9 16 
7 16 11 18 
7 16 14 16 
7 17 3 18 
7 18 0 3 
7 18 1 19 
7 19 4 17 
7 19 8 10 
8 9 2 8 
8 9 5 6 
8 9 11 16 
8 10 6 11 
8 10 7 17 
8 11 5 15 
8 11 6 12 
8 12 0 1 
8 12 6 12 
8 13 0 2 
8 13 1 5 
8 13 3 9 
8 13 14 17 
8 14 0 12 
8 14 5 10 
8 14 6 19 
8 15 7 10 
8 15 12 15 
8 16 16 17 
8 17 2 4 
8 17 7 18 
8 18 6 8 
8 18 10 19 
9 10 10 19 
9 10 11 16 
9 11 1 17 
9 11 11 16 
9 12 11 16 
9 13 8 14 
9 13 11 16 
9 13 12 17 
9 14 11 16 
