0 2 5 14 
0 2 5 15 
0 2 14 15 
0 3 12 14 
0 4 0 4 
0 4 2 3 
0 4 6 15 
0 6 2 14 
0 6 11 15 
0 6 16 19 
0 7 0 3 
0 7 0 4 
0 7 3 4 
0 7 6 7 
0 8 0 4 
0 8 0 7 
0 8 0 9 
0 8 4 7 
0 8 4 9 
0 8 7 9 
0 9 2 3 
0 9 4 12 
0 9 7 10 
0 9 11 16 
0 10 0 11 
0 11 2 4 
0 11 10 11 
0 12 6 17 
0 15 5 17 
0 16 0 8 
0 16 12 17 
0 18 0 3 
0 19 3 10 
0 19 9 14 
1 4 15 16 
1 5 4 15 
1 6 1 6 
1 6 4 8 
1 6 4 12 
1 6 8 12 
1 7 3 16 
1 8 4 15 
1 8 9 19 
1 9 2 14 
1 9 11 16 
1 9 17 18 
1 10 0 8 
1 11 0 7 
1 11 1 3 
1 12 13 19 
1 12 15 16 
1 13 0 3 
1 13 0 7 
1 13 1 10 
1 13 1 17 
1 13 3 7 
1 13 10 17 
1 14 2 13 
1 14 10 11 
1 15 1 12 
1 15 15 16 
1 16 1 2 
1 17 0 2 
1 18 1 4 
1 18 5 16 
1 18 9 12 
1 19 14 15 
1 19 16 18 
2 3 1 6 
2 4 11 15 
2 5 3 10 
2 5 8 16 
2 6 4 14 
2 7 3 18 
2 7 9 14 
2 7 13 17 
2 9 11 16 
2 9 12 18 
2 10 2 9 
2 10 17 18 
2 12 4 13 
0 2 5 14 
0 2 5 15 
0 2 14 15 
0 3 12 14 
0 4 0 4 
0 4 2 3 
0 4 6 15 
0 6 2 14 
0 6 11 15 
0 6 16 19 
0 7 0 3 
0 7 0 4 
0 7 3 4 
0 7 6 7 
0 8 0 4 
0 8 0 7 
0 8 0 9 
0 8 4 7 
0 8 4 9 
0 8 7 9 
0 9 2 3 
0 9 4 12 
0 9 7 10 
0 9 11 16 
0 10 0 11 
0 11 2 4 
0 11 10 11 
0 12 6 17 
0 15 5 17 
0 16 0 8 
0 16 12 17 
0 18 0 3 
0 19 3 10 
0 19 9 14 
1 4 15 16 
1 5 4 15 
1 6 1 6 
1 6 4 8 
1 6 4 12 
1 6 8 12 
1 7 3 16 
1 8 4 15 
1 8 9 19 
1 9 2 14 
1 9 11 16 
1 9 17 18 
1 10 0 8 
1 11 0 7 
1 11 1 3 
1 12 13 19 
1 12 15 16 
1 13 0 3 
1 13 0 7 
1 13 1 10 
1 13 1 17 
1 13 3 7 
1 13 10 17 
1 14 2 13 
1 14 10 11 
1 15 1 12 
1 15 15 16 
1 16 1 2 
1 17 0 2 
1 18 1 4 
1 18 5 16 
1 18 9 12 
1 19 14 15 
1 19 16 18 
2 3 1 6 
2 4 11 15 
2 5 3 10 
2 5 8 16 
2 6 4 14 
2 7 3 18 
2 7 9 14 
2 7 13 17 
2 9 11 16 
2 9 12 18 
2 10 2 9 
2 10 17 18 
2 12 4 13 
