9 15 2 18 
9 15 6 12 
9 15 10 13 
9 15 11 16 
9 16 11 16 
9 17 11 16 
9 18 0 15 
9 18 11 16 
9 19 4 18 
9 19 6 14 
9 19 11 16 
10 11 0 14 
10 11 1 8 
10 11 5 12 
10 12 4 18 
10 12 5 11 
10 12 16 19 
10 13 3 4 
10 13 13 17 
10 15 9 10 
10 17 13 15 
10 19 0 16 
11 12 4 10 
11 12 6 12 
11 12 8 13 
11 12 9 19 
11 13 0 7 
11 13 3 15 
11 13 6 11 
11 14 2 15 
11 15 9 19 
11 16 5 17 
11 16 6 11 
11 16 7 13 
11 16 15 18 
11 17 0 9 
11 17 3 8 
11 17 10 16 
11 18 12 13 
11 19 1 11 
11 19 12 17 
11 19 12 18 
11 19 17 18 
12 13 3 19 
12 14 8 16 
12 15 0 12 
12 15 1 4 
12 15 3 7 
12 15 6 11 
12 15 9 19 
12 15 15 16 
12 16 0 4 
12 16 7 19 
12 17 2 8 
12 17 7 16 
12 18 5 15 
12 18 14 19 
12 18 16 17 
12 19 2 7 
12 19 5 12 
13 14 0 11 
13 14 4 14 
13 14 5 8 
13 14 9 19 
13 16 6 11 
13 16 8 15 
13 17 10 13 
13 17 10 18 
13 17 13 18 
13 18 1 8 
13 18 3 12 
13 18 4 13 
13 18 14 16 
13 19 1 14 
13 19 2 18 
13 19 5 15 
14 15 4 5 
14 16 2 14 
14 16 3 8 
14 16 7 12 
14 17 6 9 
14 19 13 17 
15 17 0 13 
15 17 3 15 
15 18 1 7 
15 18 1 18 
15 18 2 10 
15 18 4 8 
15 18 7 18 
15 18 9 13 
15 19 10 14 
16 17 10 17 
16 18 6 16 
16 18 8 19 
16 19 0 7 
16 19 3 18 
16 19 4 16 
9 15 2 18 
9 15 6 12 
9 15 10 13 
9 15 11 16 
9 16 11 16 
9 17 11 16 
9 18 0 15 
9 18 11 16 
9 19 4 18 
9 19 6 14 
9 19 11 16 
10 11 0 14 
10 11 1 8 
10 11 5 12 
10 12 4 18 
10 12 5 11 
10 12 16 19 
10 13 3 4 
10 13 13 17 
10 15 9 10 
10 17 13 15 
10 19 0 16 
11 12 4 10 
11 12 6 12 
11 12 8 13 
11 12 9 19 
11 13 0 7 
11 13 3 15 
11 13 6 11 
11 14 2 15 
11 15 9 19 
11 16 5 17 
11 16 6 11 
11 16 7 13 
11 16 15 18 
11 17 0 9 
11 17 3 8 
11 17 10 16 
11 18 12 13 
11 19 1 11 
11 19 12 17 
11 19 12 18 
11 19 17 18 
12 13 3 19 
12 14 8 16 
12 15 0 12 
12 15 1 4 
12 15 3 7 
12 15 6 11 
12 15 9 19 
12 15 15 16 
12 16 0 4 
12 16 7 19 
12 17 2 8 
12 17 7 16 
12 18 5 15 
12 18 14 19 
12 18 16 17 
12 19 2 7 
12 19 5 12 
13 14 0 11 
13 14 4 14 
13 14 5 8 
13 14 9 19 
13 16 6 11 
13 16 8 15 
13 17 10 13 
13 17 10 18 
13 17 13 18 
13 18 1 8 
13 18 3 12 
13 18 4 13 
13 18 14 16 
13 19 1 14 
13 19 2 18 
13 19 5 15 
14 15 4 5 
14 16 2 14 
14 16 3 8 
14 16 7 12 
14 17 6 9 
14 19 13 17 
15 17 0 13 
15 17 3 15 
15 18 1 7 
15 18 1 18 
15 18 2 10 
15 18 4 8 
15 18 7 18 
15 18 9 13 
15 19 10 14 
16 17 10 17 
16 18 6 16 
16 18 8 19 
16 19 0 7 
16 19 3 18 
16 19 4 16 
