2 12 4 13 
2 13 5 7 
2 13 8 13 
2 14 4 9 
2 15 4 17 
2 15 9 12 
2 16 1 12 
2 16 4 8 
2 16 9 14 
2 17 3 18 
2 17 11 17 
2 18 4 18 
2 18 7 17 
3 4 9 12 
3 5 4 7 
3 6 3 7 
3 6 4 19 
3 7 0 2 
3 8 1 7 
3 8 4 19 
3 8 5 13 
3 8 6 14 
3 8 8 18 
3 8 9 16 
3 9 2 15 
3 9 8 9 
3 9 11 16 
3 10 4 8 
3 10 11 19 
3 11 13 17 
3 12 2 10 
3 12 3 17 
3 13 0 4 
3 13 7 19 
3 13 9 13 
3 14 10 18 
3 15 4 18 
3 15 8 10 
3 16 0 5 
3 16 2 6 
3 16 14 19 
3 17 1 18 
3 19 7 8 
4 5 11 19 
4 6 2 12 
4 6 3 14 
4 6 13 19 
4 7 0 4 
4 7 0 15 
4 7 1 17 
4 7 4 15 
4 7 7 16 
4 7 13 18 
4 8 0 4 
4 8 0 18 
4 8 3 7 
4 8 4 18 
4 8 12 19 
4 9 1 14 
4 9 2 3 
4 9 11 16 
4 10 4 14 
4 10 4 16 
4 10 5 11 
4 10 6 12 
4 10 14 16 
4 11 5 6 
4 11 10 19 
4 12 5 11 
4 12 15 16 
4 13 1 19 
4 14 13 17 
4 14 13 19 
4 14 17 19 
4 15 8 19 
4 15 14 17 
4 15 15 16 
4 16 1 6 
4 17 4 7 
4 17 11 14 
4 18 8 10 
4 19 6 9 
4 19 8 12 
4 19 13 17 
4 19 14 18 
5 6 1 19 
5 6 9 14 
5 7 4 18 
5 7 6 13 
5 7 9 15 
5 8 4 15 
5 9 1 10 
5 9 8 13 
5 9 11 16 
5 9 17 19 
5 10 7 16 
5 10 9 12 
5 11 10 18 
5 12 7 13 
5 13 0 6 
5 13 4 9 
5 13 12 16 
5 13 12 18 
5 13 16 18 
2 12 4 13 
2 13 5 7 
2 13 8 13 
2 14 4 9 
2 15 4 17 
2 15 9 12 
2 16 1 12 
2 16 4 8 
2 16 9 14 
2 17 3 18 
2 17 11 17 
2 18 4 18 
2 18 7 17 
3 4 9 12 
3 5 4 7 
3 6 3 7 
3 6 4 19 
3 7 0 2 
3 8 1 7 
3 8 4 19 
3 8 5 13 
3 8 6 14 
3 8 8 18 
3 8 9 16 
3 9 2 15 
3 9 8 9 
3 9 11 16 
3 10 4 8 
3 10 11 19 
3 11 13 17 
3 12 2 10 
3 12 3 17 
3 13 0 4 
3 13 7 19 
3 13 9 13 
3 14 10 18 
3 15 4 18 
3 15 8 10 
3 16 0 5 
3 16 2 6 
3 16 14 19 
3 17 1 18 
3 19 7 8 
4 5 11 19 
4 6 2 12 
4 6 3 14 
4 6 13 19 
4 7 0 4 
4 7 0 15 
4 7 1 17 
4 7 4 15 
4 7 7 16 
4 7 13 18 
4 8 0 4 
4 8 0 18 
4 8 3 7 
4 8 4 18 
4 8 12 19 
4 9 1 14 
4 9 2 3 
4 9 11 16 
4 10 4 14 
4 10 4 16 
4 10 5 11 
4 10 6 12 
4 10 14 16 
4 11 5 6 
4 11 10 19 
4 12 5 11 
4 12 15 16 
4 13 1 19 
4 14 13 17 
4 14 13 19 
4 14 17 19 
4 15 8 19 
4 15 14 17 
4 15 15 16 
4 16 1 6 
4 17 4 7 
4 17 11 14 
4 18 8 10 
4 19 6 9 
4 19 8 12 
4 19 13 17 
4 19 14 18 
5 6 1 19 
5 6 9 14 
5 7 4 18 
5 7 6 13 
5 7 9 15 
5 8 4 15 
5 9 1 10 
5 9 8 13 
5 9 11 16 
5 9 17 19 
5 10 7 16 
5 10 9 12 
5 11 10 18 
5 12 7 13 
5 13 0 6 
5 13 4 9 
5 13 12 16 
5 13 12 18 
5 13 16 18 
